    1 E   -3 -3 -2  5 -6  3  6 -4 -3 -6 -5 -2 -4 -6 -4 -2 -3 -6 -5 -5
    2 E   -4  2 -2  2 -7  2  6 -5 -3 -6 -6  2 -4 -6 -4 -3 -4 -6 -5 -5
    3 V   -2  2 -4 -5 -2 -3 -4 -5  2  4  2 -2  0 -2 -5 -2 -2 -4 -2  3
    4 E   -1  3 -1  0 -4  3  4  0 -2 -3 -3  0 -2 -5 -3 -1  0 -5 -3 -2
    5 M    0  2  0  1 -2  1  1 -1  0 -2 -2  1 -1 -3 -3  1  2 -3 -1 -2
    6 A    3 -2  0 -1 -2 -2  0 -1 -2  0 -1 -2 -1 -3 -3  3  2 -4 -4 -1
    7 K   -2  4  2 -1 -5  2  1 -3 -1 -5 -4  4 -2 -4 -4  0 -1 -5 -3 -3
    8 R   -1  2  3  0 -3  2  1 -3 -1 -2 -3  2  0 -3 -3  1  0 -4 -2 -1
    9 R   -2  6 -2 -3 -6  2  0 -5 -3 -4 -3  4 -4 -6 -5 -2 -1 -6 -5 -5
   10 I   -1  0 -1 -2 -2  1  2 -3  1  3  0 -1  2 -2 -3  0 -1 -3  2  0
   11 D    0  0  0  2 -4  1  3 -2 -1 -2 -1  1 -2 -3 -3  0  2 -4  0 -2
   12 E   -2 -1  1  0 -5  2  5 -4  0 -4 -3  2 -1 -3 -4 -1 -1 -5 -4 -3
   13 I   -3 -2 -4 -3 -4 -4 -4 -6 -5  3  5 -1  0 -1 -5 -4 -2 -4 -1  2
   14 N   -3  0  6  0 -4  2  3 -3 -1 -5 -5  2 -2 -6 -4 -1  0 -6 -5 -4
   15 K    0  0  1  0 -4  2  4 -3 -1 -2 -2  1 -2 -3 -3  0  0 -4 -1 -2
   16 E   -3  1 -2  0 -6  2  5 -5 -2 -5 -3  5 -3 -5 -4 -2 -2 -4 -2 -4
   17 L   -3 -4 -5 -7 -2 -5 -5 -7 -6  3  6 -6  0 -2 -6 -5 -4 -5 -2  0
   18 N    0  1  2  2 -4  3  2  0  0 -3 -3  1 -3 -3 -3  0  0 -5 -3 -1
   19 Q   -1  0  1  3 -4  3  4 -3 -2 -3 -2  2 -3 -4 -3  0  0 -1 -4 -2
   20 V   -2 -4 -5 -6  2 -5 -5 -5 -5  4  1 -4  0 -2 -5 -3  1 -5 -3  5
   21 M   -1  0  0 -1 -1  1  1 -2  0 -1  2 -2  3 -2 -3 -1  0 -3  0  0
   22 E   -1  1  2  1 -1  1  2  0 -1 -2 -2  1 -2 -2 -2  0  0 -4 -2 -2
   23 Q   -2  1 -1 -1 -6  6  3 -5 -2 -4 -5  4 -4 -6 -4 -2 -2 -6 -5 -5
   24 L   -5 -6 -7 -7 -2 -4 -6 -7 -6  2  6 -6  0 -2 -6 -6 -4 -2 -3 -1
   25 G   -1  3  0  1 -3  1  0  2  1 -2  0 -1 -1 -3 -3  1 -1 -4 -3 -3
   26 D   -3 -1  3  4 -6  2  5 -4 -2 -4 -4 -1 -5 -4 -4  0 -3 -6 -5 -4
   27 A    5 -2 -3 -4  0 -2 -3 -3 -3 -1  2 -3  1 -3 -4 -1 -2 -4 -1 -1
   28 R   -2  3  1  1 -4  0 -1  1  0 -2 -4  4 -4 -5 -4  1 -1 -5 -3 -4
   29 I    3 -2 -2  0 -1 -1 -2  0 -1  2  0 -2  1 -1 -2  0 -1 -1 -1  1
   30 D   -2 -3  1  6 -6 -1  1  0 -1 -2 -4 -2 -2 -5 -4 -1 -2 -6 -3 -3
   31 R   -2  5 -1 -2 -5  3 -1 -3  0 -3 -3  3 -1 -4 -3  0 -2 -3 -2 -3
   32 Q   -1  5  1 -1 -5  3 -1 -4  6 -4 -4  1 -2 -3 -4 -2 -2 -5  1 -3
   33 E   -3 -1 -1  0 -6  3  7 -4 -4 -2 -5 -1 -3 -6 -5 -3 -1 -6 -5 -5
   34 S   -1 -3  4  1 -3 -3 -2  0 -2 -2 -3 -1 -2 -5 -3  4  2 -5 -3 -2
   35 S    0  2  1  1 -4  1  4 -3 -2 -4 -2  2 -2 -5 -3  1 -2 -5 -4 -3
   36 R   -3  7 -2 -3 -4  1 -3 -5  1 -5 -5  3 -2 -4 -5 -2 -4 -3 -3 -5
   37 Q   -2  1  0  3 -1  4  5 -3 -1 -5 -4 -1 -3 -5 -4 -2 -3 -4 -4 -4
   38 Q    2  3  0 -2 -2  2  0 -2 -2 -1 -1  2  0 -4 -3  1  1 -2 -3 -1
   39 R   -2  6 -2 -2 -4  1  0 -5 -3 -4 -5  5  0 -5 -4 -2 -2 -5 -4 -4
   40 K   -1  3 -2 -3 -1  0 -2 -3 -3  0  2  3  3  0 -4 -2 -1 -4 -2 -1
   41 A    2  3  2 -2 -4  2 -1 -3 -1 -3 -3  3 -2 -4 -3  1  0 -4 -2 -2
   42 E   -2 -2 -1  2 -6  2  6 -4 -3 -4 -4 -2 -3 -6 -4 -2 -2 -5 -3 -4
   43 I    2 -2  1 -3 -1 -3 -3 -3 -3  2  0 -2  3 -3 -3 -1  2 -4 -3  1
   44 M   -2 -4 -4 -5 -1 -4 -4 -5 -5  3  3 -4  2 -1 -4 -4 -2 -4 -2  4
   45 E    2 -1  0  2 -4  1  4 -2 -2 -3 -4  0 -2 -4 -3  1  0 -4 -3 -2
   46 S    0  0  3 -1 -3  0 -1 -2  0 -2 -3  1  2 -3 -2  3  3 -4 -3 -2
   47 I   -4 -5 -6 -6 -2 -4 -5 -6 -5  1  6 -4  4  1 -5 -5 -2 -4 -3 -2
   48 K   -3  3 -3 -4 -3  2 -2 -4 -2 -5 -5  7 -2 -6 -4 -3 -3 -5 -4 -5
   49 R   -2  7  0 -3 -5  2 -1 -3 -1 -5 -4  1 -3 -5 -4  0 -2  0 -3 -4
   50 L   -2 -2 -2 -4 -3 -2 -3 -5 -2  3  4 -3  3  0 -4 -2 -2 -3 -2  1
   51 Y   -4 -3 -4 -5 -4 -5 -5 -4  0 -2 -2 -4 -2  7 -5 -3 -4 -1  6 -2
   52 P   -2 -2 -3 -4 -5  0 -3 -2 -3 -4 -3 -1 -4 -5  8  1 -2 -6 -5 -4
   53 G   -2 -3 -1  2 -4 -3  0  6 -4 -5 -5 -3 -4 -4 -2 -1 -3 -5 -5 -4
   54 S    0  1  0  0 -1  0  0  0  0 -1 -1  0  0 -1  0  1  0 -1 -1  0
   55 V   -3 -5 -5 -5 -2 -2 -4 -5 -5  2 -1 -3 -2 -3 -5 -4 -3 -5 -4  7
   56 Y   -3  3 -2 -4 -5 -2 -3 -4  6 -3 -3  2 -3  3 -4 -2 -3 -2  5 -4
   57 G   -3 -4 -2  0 -5 -4 -4  7 -4 -5 -5 -4 -5 -5 -4 -3 -4 -5 -5 -5
   58 R   -4  8 -3 -4 -2  0 -3 -5 -3 -3 -1  1 -2 -2 -4 -3 -3 -5 -4 -4
   59 L   -3 -4 -5 -5 -3 -4 -5 -5 -4  1  4 -4  5 -1 -5 -4 -2 -4 -1  3
   60 I   -1 -2 -1 -3 -1 -1 -2  0  2  2  0 -1  0  1 -3  0  2 -2  1  2
   61 D   -4 -3  2  7 -6  1  3 -4 -1 -5 -5 -2 -5 -6 -4 -2 -2 -6 -5 -5
   62 L   -4 -5 -5 -6 -4 -3 -5 -6 -4  0  6 -5  2 -2 -5 -2 -3 -4 -4 -2
   63 C   -1 -6 -6 -6 11 -6 -6 -6 -6 -1 -4 -6 -4 -3 -6 -4 -4 -5 -2  0
   64 Q   -2  4 -1 -1 -4  3  1 -3  4 -4 -2  4 -3 -4 -2  0  0 -2 -2 -3
   65 P   -3 -5 -5 -5 -3 -4 -4 -5 -2 -2 -5 -4 -5 -6  8 -3 -3 -6 -6 -1
   66 T   -1 -1 -1 -3 -3 -2 -3 -1 -3  3 -2  2 -2 -3 -1  2  3 -4 -3  1
   67 Q   -1 -1  1 -2 -5  6 -1 -4  7 -5 -2  0 -2 -5 -4 -2 -3 -5 -3 -5
   68 K   -2  4 -1  0 -5  1  0 -3 -2 -4 -5  5 -4 -5 -1  1 -2 -5 -3 -4
   69 K   -4  4 -3 -4 -4 -1 -2 -4 -4 -4 -5  7 -4 -6 -4 -3 -3 -6 -5 -2
   70 Y   -3 -5 -3 -6 -6 -5 -5 -6  2 -4 -4 -5 -4  3 -6 -5 -5  1  9 -1
   71 Q   -1  0  4  2 -4  4  2 -1  0 -4 -4  0 -3 -5 -3 -1 -1 -5 -3 -1
   72 I   -1 -3 -2 -2 -3 -2  0 -4 -3  2  3 -2  1 -2 -3 -1  1 -4 -3  2
   73 A    7 -5 -3 -5 -4 -4 -4 -3 -5 -4 -5 -4 -4 -5 -3 -2 -3 -6 -5 -1
   74 V   -2 -5 -5 -5 -2 -5 -5 -5 -5  4  1 -5  2  0 -5 -4 -2 -5 -3  6
   75 T    0 -1 -2 -3 -3 -2 -3 -1 -4  0 -3 -3 -2 -4 -2  2  6 -5 -4 -1
   76 K   -2 -1 -3 -4 -4 -2 -3 -4 -4  1 -2  4 -1 -4 -3 -2  3 -5 -4  4
   77 V    3 -1 -4 -5 -2 -3 -4 -4 -4  2  1 -3 -1 -3 -4 -2 -1 -5 -4  4
   78 L   -3 -5 -5 -6 -2 -4 -5 -5 -5  0  5 -5  5  4 -5 -4 -2 -4 -2  0
   79 G   -2 -4 -3 -3 -5 -1 -4  7 -5 -6 -6 -4 -5 -4 -5  0 -4 -3 -6 -6
   80 K   -3  5 -1 -4 -5  0 -2 -3  0 -5 -2  5 -1 -5 -4 -2 -3 -2 -4 -4
   81 N   -4 -3  5  1 -4 -1 -2 -4  5 -4 -3 -3 -4  3 -5 -2 -3  3  5 -4
   82 M   -2 -5 -2 -3 -2 -4 -5 -5 -5  1  2 -4  8  4 -6 -4 -3 -1 -1 -2
   83 D   -4 -4  3  7  1 -2  1 -4 -2 -5 -5 -2  1 -4 -5  0 -2 -6 -3 -3
   84 A    6 -4 -2 -4 -4  0 -4 -1 -4 -5 -5 -4 -3 -6 -4  3 -1 -6 -5 -4
   85 I   -4 -6 -6 -6 -4 -6 -6 -7 -6  7 -1 -6 -2 -2 -6 -2 -4 -6 -4  5
   86 I   -3 -6 -6 -6 -4 -5 -6 -6 -6  4 -1 -5 -2 -4 -5 -5 -3 -6 -4  7
   87 V   -3 -5 -5 -4  4 -5 -5 -5 -5  0 -1 -5 -1 -4 -5 -4 -2 -5 -4  7
   88 D   -1 -3  0  7 -5 -2  2 -3 -3 -5 -5 -2 -4 -1 -4 -1  0 -5 -4 -4
   89 S   -2 -3  1  3 -2 -2 -1 -2 -1 -4 -4 -2 -3 -4 -3  3  5 -5 -3 -3
   90 E   -1 -1 -1  0 -5  3  6 -4 -2 -3 -3  0 -3 -3 -3 -1  0 -4 -1 -3
   91 K    0  2  0  0 -4  1  1 -3  0 -4 -2  5 -2 -4 -3  0 -1 -4 -2 -3
   92 T   -1 -4 -3 -4  1 -3 -3 -4 -2  0 -3 -3 -1 -4 -4 -1  6 -5 -4  3
   93 G    6 -3 -4 -1  0 -3 -3  2 -4 -3 -3 -3 -2 -5 -4 -2 -3 -5 -4 -2
   94 R   -1  3 -1 -2 -3  1 -1 -3  0  2 -1  2  1  0 -3 -1 -1 -3  0  0
   95 D   -2 -1 -1  4 -4  2  4 -3  1 -3 -4  1 -2 -4 -3 -1 -1 -4 -3 -4
   96 C   -1 -2 -5 -6 11 -5 -6 -3 -5 -4 -4 -5 -4 -2 -5 -1 -4 -5 -5 -4
   97 I   -4 -5 -5 -5 -4 -5 -5 -5 -5  7  0 -5  1  1 -5 -4 -3 -4 -3  3
   98 Q   -1  2  0  1 -3  4  2 -3  1 -3 -2  1 -1 -4 -3  1 -1 -1 -2 -3
   99 Y   -4 -4 -4 -5 -3 -4 -2 -5  1 -1  0 -4 -2  4 -5 -4 -4  0  8  0
  100 I   -3 -4 -4 -4 -3 -3 -2 -5 -4  2  5 -4  4  0  0 -3 -1 -1 -3  0
  101 K   -3  4 -2 -3 -3 -1  0 -4 -1 -4 -2  6 -2 -4 -2 -1 -2 -4 -4 -4
  102 E   -1  0  0  2 -4  1  5 -3 -2 -2 -1  0 -3 -4 -3 -1 -1 -4 -3 -1
  103 Q   -3  0  0 -2 -3  7  2 -4  1 -5 -3  1 -3 -5 -4 -2  0 -5 -4 -2
  104 R   -4  7 -1 -4 -2 -1 -2 -3  2 -5 -3  2  0  0 -4 -3 -4 -5 -3 -2
  105 G    1 -1 -3 -2 -1 -2 -3 -2 -1  1  2 -2  0  0 -1  0 -1  3  1  1
  106 E    0 -2 -3  0 -1  0  2  4 -3 -1 -4 -3 -3 -2  4 -1 -2 -4 -2 -2
  107 P   -1  0 -3 -4 -4  1 -2 -4  0 -1 -3 -2 -2  0  6  0  1 -2 -3  0
  108 E    2 -2 -3 -2 -2  1  4 -3 -1  0 -1 -2  4 -3 -3 -1 -1 -4 -3  0
  109 T   -1 -2 -1 -3 -4 -1 -2 -4 -3  0 -3 -3 -2 -4 -1  0  6 -5 -4  0
  110 F   -5 -2 -5 -6 -5 -5 -5 -5 -4 -2  0 -1 -3  9 -1 -5 -5 -3  0 -4
  111 L   -3 -4 -3 -5 -3 -4 -4 -5 -4  5  4 -4  0 -1 -1 -2 -1 -4 -2  0
  112 P   -2 -4  0 -4 -1 -4 -4 -4 -4 -5 -5 -1 -5 -6  8  0 -3 -6 -5 -5
  113 L   -2 -4 -3 -5 -3 -1 -4 -5 -2  1  5 -4  0  1 -4 -3 -3 -4 -2 -1
  114 D   -2 -2  1  6  2  2  0 -1  0 -5 -4  0 -4 -5 -1 -1 -2 -5 -4 -4
  115 Y   -1 -1  1 -2  1 -2 -1  0  0 -1 -1 -1 -2 -1  0  2  2 -3  3  0
  116 L   -1  0 -4 -5  0 -4 -4 -5 -4  4  4 -3  0 -2 -4 -2 -3 -4 -3  2
  117 E   -2  2 -1  1  0  4  1 -3 -1 -2 -2  3 -2  0 -3 -1 -1 -4 -2  0
  118 V    0 -3 -1 -2 -2 -3 -4 -2 -1  2 -1 -3  2 -3  0 -1  0 -4 -3  5
  119 K   -1  1  1  0 -4  0  1 -1  0 -1 -3  4 -1 -1  1  0 -1 -4 -1 -1
  120 P    0 -1 -1 -1 -4  1  0 -2  0 -1 -2 -1 -1  0  5  0  0 -4 -1 -1
  121 T    0 -1 -1 -3 -3 -1 -1 -4  0  3  1 -3  0 -1  3 -1  0 -4 -3  2
  122 D   -2  0  5  3 -4  0 -1 -1 -1 -2 -3  0  0 -2 -1  1  0 -5 -2 -3
  123 E   -1 -1 -2  2 -4  0  4 -3 -1 -2 -1 -1  1 -1  0  1 -1 -4 -3 -2
  124 K    0  4  2 -1 -4  0 -1  0  1 -2 -3  2 -1 -4  0  1 -2 -4 -2 -2
  125 L   -2 -2 -4 -5 -1 -2 -2 -5 -4  2  4 -4  1  1 -4 -1 -2  0  2  0
  126 R   -2  6  0 -2 -2 -2 -1 -1 -4 -5 -2  3 -1 -5 -1 -1 -2 -5 -5 -2
  127 E    0  0  3  3 -4  0  1  2  0 -4 -4 -1 -2 -4 -1  1  1 -5 -2 -3
  128 L   -1 -2 -3 -2 -3 -2 -3 -3  0  3  3 -3  2  2 -1 -1 -1 -3 -1  1
  129 K   -2  2 -1 -1 -4  2  1  2  0 -3 -3  3 -2 -5  2  0 -1 -5 -4 -3
  130 G   -2 -1  2  0 -5 -1 -1  6 -2 -6 -6 -1 -5 -4 -3 -1 -2 -1 -5 -5
  131 A    4 -3 -4 -4  5 -4 -4 -3 -4  0 -2 -4  2 -2 -3  0  0 -4  1  3
  132 K   -1  5 -2 -3 -5  0 -1 -4  0  0 -2  4 -1 -2 -4 -2 -1 -5 -2 -1
  133 L   -3  0 -4 -5 -4 -3 -5 -5 -3 -1  5 -3  3  0  3 -4 -4 -4 -4 -2
  134 V    4 -3 -4 -4  0 -3 -3 -1 -4  0  0 -2  0 -2 -2 -2  1 -4 -2  3
  135 I   -2 -2 -4 -5 -4 -3 -4 -5 -1  5  0 -3  0  2 -4  0 -1 -3  3  3
  136 D   -5 -5  3  8 -6 -1  0 -2 -4 -6 -6 -3 -6 -3 -5 -4 -4 -7 -6 -6
  137 V    1 -4 -3 -3  1 -4 -4 -3 -5  2  0 -4 -2 -1 -4 -2  2 -5 -2  5
  138 I   -3 -5 -5 -5  1 -5 -5 -5 -5  6  2 -5  2 -1 -5 -3 -3 -5 -4  3
  139 R   -2  2  2  3 -3  4  2 -3  1 -4 -4  2 -3 -3 -3  0  0 -4 -3 -3
  140 Y   -3 -4 -5 -5  4 -4 -5 -3 -1  0 -3 -5 -1  5 -3 -2 -1 -2  7 -1
  141 E   -2 -3  1  6 -5  1  3 -2 -2 -3 -3 -1 -4 -3 -1  0 -3 -5 -3 -4
  142 P   -1 -2  0  2 -3 -1 -1 -1  0 -3 -2 -1 -1 -1  5  2 -1 -3 -2 -2
  143 P    2  0 -2 -2 -2  1  0 -3 -3 -1 -3  1 -3 -4  4  2 -1 -5 -4  0
  144 H    0 -1  0  1 -2  1  2 -1  2 -2 -2 -1 -1  0 -1  1  0  0  3 -1
  145 I    0 -3 -3 -4 -2 -3 -3 -4 -3  3  3 -3  0  1 -3 -3 -2 -3 -1  3
  146 K   -2  1 -1  0 -5  1  5 -3 -1 -5 -5  4 -4 -5 -2 -2 -2 -3 -3 -3
  147 K   -1  5  1 -3 -5  0 -2 -4 -3 -4 -4  5 -3 -5  1 -2 -1 -5 -1 -3
  148 A    6 -5 -5 -5 -4 -4 -4 -3 -5 -1 -3 -2 -1 -5 -4 -2 -2 -6 -5  3
  149 L   -2 -3 -5 -5 -4 -4 -5 -5 -5  4  2 -3  5  2 -5 -4 -3 -4 -3  4
  150 Q   -1  2 -1 -3 -4  5 -1 -3  2 -1  2 -1  0 -2 -4  0 -2 -2 -1 -2
  151 Y   -4 -5 -5 -6 -5 -5 -5 -5  3 -3 -3 -5  0  6 -6 -4 -4  1  8 -4
  152 A    5 -5 -5 -5 -2 -4 -4 -4 -5  1 -1 -4 -3 -1 -4 -2 -2 -5 -4  4
  153 C   -1 -6 -6 -6  9 -6 -6 -6 -6 -1  0 -6 -2 -1 -6 -3  0 -5 -4  3
  154 G   -1 -1  0 -3 -5 -2 -3  6 -4 -6 -6  0 -5 -5 -4  0 -3  2 -5 -5
  155 N   -3 -3  7  4 -5 -1 -1 -2 -3 -3 -5 -3 -5 -5 -4  1 -2 -6 -5 -5
  156 A    3 -3 -2 -3 -2 -3 -1 -1 -4 -3 -4 -1 -3 -4 -3  2  5 -5 -4 -1
  157 L   -3 -5 -5 -6 -4 -4 -5 -6 -5  4  5 -2  1 -3 -5 -3 -3 -5 -4  2
  158 V   -3 -5 -6 -6 -2 -5 -2 -6 -6  4  0 -5 -1 -2 -5 -5 -3 -5 -2  6
  159 C   -1 -6 -6 -6 11 -6 -6 -6 -6 -4 -3 -6 -5 -2 -6 -2 -2 -6 -2  0
  160 D   -4 -3 -1  7 -1 -2  4 -5 -1 -6 -6  0 -6 -6 -4 -2 -4 -7 -6 -6
  161 N   -3 -3  3  3 -4 -3 -1 -2 -2 -4 -4 -2 -3 -5 -4  2  5 -5 -2 -2
  162 V   -1 -4 -4 -4 -3 -2 -3 -5 -2  2  4 -4  4 -1  0 -2 -1 -1 -2  2
  163 E   -1 -1  2  4 -5  1  4 -2 -2 -5 -5  1 -4 -5 -3 -1 -2 -5 -5 -4
  164 D   -2 -3 -2  3 -4 -1  4 -4  0  3 -1 -2 -1 -4 -4 -2  0 -5 -4  1
  165 A    7 -1 -5 -5 -4 -4 -4 -3 -5 -5 -4 -4 -4 -6 -4 -1 -3 -6 -5 -4
  166 R   -4  6 -3 -3 -6  0 -3 -5 -3 -5 -4  5  0 -5 -4 -3 -3 -5 -3 -4
  167 R   -1  2  0  1 -4  2  1 -2  3 -2 -2  1  0 -2 -3  0 -1 -2  2 -1
  168 I   -3 -5 -5 -6 -4 -5 -5 -6 -3  4  5 -4  1 -2 -5 -5 -3 -5 -4  3
  169 A    4  0 -2 -4  6 -3 -3 -2  0 -1 -3  1 -3 -4 -2  2 -2 -3 -4 -1
  170 F   -5 -5 -6 -6 -6 -1 -5 -6 -2 -2 -4 -5 -4  6 -6 -3 -3  9  7 -5
  171 G   -2 -1  2  2 -3  0  3  3 -1 -3 -4 -1 -3 -4 -3  1  0 -4 -1 -2
  172 G   -2  3 -2  0 -4  0 -1  3 -1 -3 -2  2  1 -2 -3  0 -1  0 -3 -4
  173 H   -1  1  2  0 -3  0  0  3  2 -3 -3  2 -3 -3  1  0 -1 -3 -2 -3
  174 Q   -2  0 -1  1 -2  2  4 -3 -1  1 -1 -1  0 -2 -2 -1 -1 -4 -1  1
  175 R   -2  6  0  1 -5  0  1 -3 -2 -5 -2  2 -4 -5  0 -2 -2 -5 -4 -4
  176 H    0  0 -2 -3 -1  0 -2 -3  3  0  0  0  1  2 -4 -1 -1 -2  3  3
  177 K   -3  1 -1  1 -6 -1 -1 -4 -3 -6 -6  7 -4 -6 -4 -1 -4 -6 -5 -5
  178 T    3 -4 -4 -4  4 -4 -4 -3 -4  1  0 -4  0 -2 -4 -2  2 -5 -4  3
  179 V   -4 -3 -5 -6  2 -5 -6 -6 -4  1 -1 -5 -3 -4 -6 -5 -4 -6 -5  7
  180 A    2 -2 -3 -4 -1 -4 -4 -4 -4 -3 -4 -3 -2 -2 -2  3  6 -5 -4 -3
  181 L   -4 -4 -5 -6 -2 -4 -4 -6 -3  1  5 -1  1  0 -5 -5 -2  0 -3  1
  182 D   -4 -4  1  7 -6  0  3 -2 -3 -5 -5 -2 -5 -6 -4 -2 -3 -6 -6 -6
  183 G   -3 -5 -3 -5 -4 -4 -5  7 -3 -7 -7 -3 -6 -6 -4 -4 -2 -6 -6 -6
  184 T    0 -2 -2  0  2 -1 -2 -3 -4  2 -3 -3 -1 -1 -4  1  5 -4  0 -1
  185 L   -3 -3 -5 -5 -1 -3 -4 -5 -4  2  4 -3  2  2 -5 -4 -3 -1  1  3
  186 F   -3 -5 -5 -6 -4 -5 -5 -6 -4  5  2 -2  1  4 -5 -5 -4 -3  3  0
  187 Q   -2  0  1 -2 -4  3 -1 -3  7 -4 -1 -1 -1 -4 -4  1  1 -5 -1 -4
  188 K   -4  3 -3 -4 -6 -1 -2 -2 -4 -1 -4  7 -1 -6 -1 -3 -3 -6 -5 -4
  189 S    2 -3  2 -1 -2  0 -2  2 -3 -5 -5 -2 -4 -5 -4  5 -1 -5 -3 -4
  190 G   -2 -5 -2 -4 -5 -5 -5  7 -5 -6 -6 -5 -5 -6 -4 -2  1 -6 -6 -3
  191 V   -1 -3 -1 -4 -2 -1 -2 -4 -2  2  3 -3  3  0 -3 -1  1 -3 -2  2
  192 I   -4 -5 -5 -6 -1 -3 -5 -6 -5  5  0 -5  8 -2 -5 -3  1 -5 -4  0
  193 S   -2 -3 -3 -3 -2  1 -3  1 -2 -2 -4 -3 -2 -5 -3  4  5 -5 -4 -3
  194 G   -3 -5 -4 -4 -5 -5 -5  7 -5 -6 -6 -5 -6 -6 -5 -2 -3 -5 -6 -6
  195 G   -3 -3 -4 -4 -5 -5 -5  7 -5 -4 -6 -4 -3 -6 -5 -3  1 -5 -6 -5
  196 A    1  2 -1 -2 -2  1 -1 -1  2 -1 -1  0 -1 -3 -2  3  1 -1 -1 -1
  197 S    1 -2 -2 -2 -3  0 -3  3 -2 -3 -2 -2 -1 -3 -1  3  2 -3 -4 -2
  198 D   -2  0 -1  4 -4  0  2  3  1 -4 -4 -1 -3 -4  0  0 -2 -1 -2 -3
  199 L   -1 -2  0 -1 -3  0 -2  0 -1  0  3 -2  4 -2 -2 -1 -1 -1 -3  0
  200 K    0  2 -1  0 -4  2  3 -2  0 -2 -2  4 -2 -3 -2  0 -2 -4 -3 -3
  201 A    3  0  1  0 -2  0 -1  1 -1 -3 -3  0 -1 -2 -3  1  0 -3  1 -1
  202 K   -2  5  1 -2 -5  0 -1  0 -2 -5 -4  4 -3 -5 -2  1 -1 -5 -4 -4
  203 A    5 -2 -2 -2 -3  1 -1  0 -3 -4 -4  0 -3 -5 -3  2  0 -5 -4 -2
  204 R   -2  4  3 -2 -5  2 -2 -2  1 -5 -3  4 -3 -5 -3  1 -1 -3 -4 -3
  205 R   -3  6 -2 -4  2  2  0 -5 -2 -3 -3  4 -4 -5 -4 -2 -2 -5 -3 -4
  206 W   -7 -7 -8 -8 -7 -6 -7 -7 -6 -6 -1 -7 -3  4 -8 -7 -5 12 -2 -4
  207 D   -3 -4  1  7 -6  0  3 -3 -2 -6 -5 -2 -5 -6 -5 -2 -2 -7 -6 -5
  208 E   -2  0 -1  4 -6  0  5 -4 -3 -6 -5  3 -5 -6 -4 -2 -3 -6 -5 -5
  209 K    0  1  0  0 -5  3  1 -2 -1 -3 -4  5 -3 -5 -4  0 -1 -5 -4 -3
  210 A    1  0 -1  3 -5  2  5 -4  2 -3 -5  2 -3 -4 -4 -2 -2 -5 -4 -2
  211 V   -2 -4 -5 -5 -4 -4 -5 -5 -1  4  2 -5  2 -1 -5 -4 -2  2  3  3
  212 D    0 -1  1  2 -4  3  3 -3 -1 -3 -2  0 -1 -3 -3  1  0 -5 -4 -3
  213 K    1  0  2  0 -4  2  1  2 -1 -4 -3  2 -3 -4 -3  1  0 -4 -4 -3
  214 L   -5 -6 -5 -7 -3 -6 -6 -7 -6 -1  6 -4  2  0 -6 -6 -4 -2 -4 -2
  215 K   -3  3  1 -3 -4  2 -1 -4 -1 -2 -2  5  4 -4 -4 -2 -1 -5  1 -2
  216 E    0  3  0  0 -4  2  2 -3 -2 -4 -3  3  0 -4 -3  1  0 -5 -2 -2
  217 K   -1  3  0 -2 -4  3  1 -4 -2 -3  1  3  0 -4 -4 -2 -1 -5 -4 -1
  218 K   -1  5 -4 -4 -5  1 -2 -5 -1 -5 -3  6 -4 -5 -5 -3 -4 -6 -1 -3
  219 G    0 -3  0  5 -5  0  4 -2 -3 -3 -5 -2 -1 -6 -4  0 -1 -6 -4 -4
  220 R    0  2  0  0 -5  4  2 -2 -2 -4 -4  4 -3 -4 -3  0 -1 -5 -4 -3
  221 L   -2 -5 -6 -6  0 -4 -5 -6 -4  1  6 -4 -1  1 -6 -5 -4 -3  3 -1
  222 T   -1  0 -2 -2 -3  2  2 -4  0  1  2  0  3 -3 -4 -1  1 -4 -3  0
  223 E    2  0  1  2 -2  2  3 -1 -1 -2 -3 -1 -3 -4 -3  2  0 -5 -3 -2
  224 E   -4 -1 -2  2 -7  3  7 -5 -2 -7 -6  1 -5 -7 -5 -2 -3 -7 -6 -6
  225 L   -5 -4 -5 -6 -2 -4 -5 -7 -4  3  6 -5  3 -2 -6 -4 -4 -5 -3 -1
  226 L    1  3  0  0 -5  1  3 -3 -1 -3 -2  3 -3 -3 -3  0 -2 -5 -2 -3
  227 E    0  0  2  2 -5  1  5 -4 -2 -4 -5  2 -4 -6 -4  0 -2 -6 -5 -4
  228 H   -3 -4 -6 -6 -1  1 -4 -6 -2  3  5 -4  1 -3 -6 -5 -2 -5 -3 -1
  229 H   -1 -1  0 -2 -4  3  1 -1  3 -3 -1 -2  3 -4  3  2 -1 -4 -2 -3
  230 H   -2  3 -2  0 -5  0 -1 -4  1 -5 -5  6 -3 -6 -4  2 -2 -6 -4 -4
  231 H   -1  2  0 -1 -4  3  2 -2  2 -3 -3  0  1 -4  1  2 -2 -4 -3 -4
  232 H   -2  1  0  1 -5 -1 -1 -4  5 -5 -4  6 -4 -5 -3  0 -3 -5 -2 -5
  233 H   -3 -2 -1 -3 -4 -1 -2 -3  9 -4 -4 -2 -3 -1 -4 -2 -3 -2  5 -4
